Actual1,SlopeCoefs,SlopeV,UnconCoefs,UnconVQB,UnconVRBFB,UnconVWR,UnconVTE,UnconVLT,UnconVG,UnconVC,UnconVRT,UnconVDE,UnconVDT,UnconVILB,UnconVOLB,UnconVCB,UnconVFS,UnconVSS,UnconVK,UnconVP,UnconVLS
.065715544,1.4032832,.043952867,.092461646,.0053845812,-.0017780138,-.0020102875,-.0013145764,-.00084524573,-.00034101398,-.0007367463,9.0733429e-06,.000093252362,.00066485925,.000015638176,-.00058042462,-.0002631204,-.00056897639,-.00059714518,.00081246556,.00083108578,-.0017874836
.073836878,2.9472461,.29124692,.099438772,-.0017780138,.0019723054,.00044753065,.00073146826,.00025032324,-.00025866184,-.00012008291,-.00034367753,-.00024252955,-.00038988583,-.00019722857,.0002657077,.0001948823,.00028516856,.00046050092,.0012384072,-.00018466199,.00063516531
.12209736,6.0415564,.54839063,.12099681,-.0020102875,.00044753065,.0018970872,.000067180903,.00018475567,-.00037345081,-.0001670387,-.0007122152,-.00001366479,-.0002887148,-.000033711283,.00021267637,.000060312283,.00040921528,-.00056250917,-.0010800424,-.0012710752,.00062778697
.04603526,1.2945374,.062976375,.083070323,-.0013145764,.00073146826,.000067180903,.002108224,.00010719866,-.0002133214,-.000015871172,-.00014576832,-.00029726303,-.00016197786,-.000096267751,-.000089129157,.00037359964,-.000038488619,.00058134855,.00029881721,-.001968459,-.000872946
.054598041,1.314966,.02422699,.083032526,-.00084524573,.00025032324,.00018475567,.00010719866,.0013677685,.000098189063,-.00036568366,.00050912559,.00014695195,-.000070145448,-.000056102137,.00029332229,.000022055019,.000068459733,.00011521652,.00015830956,.0014659135,-.00020464124
.074805938,2.5355487,.21758756,.069012046,-.00034101398,-.00025866184,-.00037345081,-.0002133214,.000098189063,.00075011811,.00071163045,.00050663127,.00011078767,-.000056043333,.00010735468,.00010758389,-.000025553212,.000073440955,.00039949824,.000042703949,.00075511669,.00034415661
.02649766,1.2902598,.017876398,.094698325,-.0007367463,-.00012008291,-.0001670387,-.000015871172,-.00036568366,.00071163045,.001811303,.00025592043,-.0001081861,-.00018025872,-.00023002837,-.00021015391,.0001982012,.0001091666,.00044477652,-.00038017696,.00067037833,.00068581157
.035080355,1.5262201,.01932548,.062306065,9.0733429e-06,-.00034367753,-.0007122152,-.00014576832,.00050912559,.00050663127,.00025592043,.0015393156,.00012170562,.000086429405,.00026038513,-.000026471933,-.00022465168,-.00021602964,.00040514191,-.00031113625,.00065372919,.0016314399
.088200934,3.5019152,.36459655,.093253911,.000093252362,-.00024252955,-.00001366479,-.00029726303,.00014695195,.00011078767,-.0001081861,.00012170562,.00026531285,.00013425281,.000069769754,.00013771812,-.00019942387,-.00014180735,-.00018047469,-.00020989851,.00044364232,-.00028832123
.079740323,3.3902526,.26248607,.098296992,.00066485925,-.00038988583,-.0002887148,-.00016197786,-.000070145448,-.000056043333,-.00018025872,.000086429405,.00013425281,.00080635492,-.00013562178,-.000029287752,-.00035111833,-.00056210556,-.00060854224,.00017585543,-.000025647516,.0010314303
.054181401,2.5751364,.13450496,.09208928,.000015638176,-.00019722857,-.000033711283,-.000096267751,-.000056102137,.00010735468,-.00023002837,.00026038513,.000069769754,-.00013562178,.00082724984,.00030380266,-.00019075705,-.000039134335,.00024447253,-.000071220769,-.0012699052,-.00020942526
.085010007,3.4494843,.15343502,.096294977,-.00058042462,.0002657077,.00021267637,-.000089129157,.00029332229,.00010758389,-.00021015391,-.000026471933,.00013771812,-.000029287752,.00030380266,.00045910478,-.00024298608,-9.6524163e-06,3.5139103e-06,.0002771728,-.00055600301,-.000073229749
.10307509,3.4815538,.31021053,.12072554,-.0002631204,.0001948823,.000060312283,.00037359964,.000022055019,-.000025553212,.0001982012,-.00022465168,-.00019942387,-.00035111833,-.00019075705,-.00024298608,.00087438698,.0004488405,.00055445783,.0004585459,.0012300324,-.0011243692
.041886803,1.9958012,.040603019,.1446555,-.00056897639,.00028516856,.00040921528,-.000038488619,.000068459733,.000073440955,.0001091666,-.00021602964,-.00014180735,-.00056210556,-.000039134335,-9.6524163e-06,.0004488405,.0014654621,.00096180581,-.00012580598,.00029027966,.0011579508
.035402149,1.1048267,.031093368,.10777562,-.00059714518,.00046050092,-.00056250917,.00058134855,.00011521652,.00039949824,.00044477652,.00040514191,-.00018047469,-.00060854224,.00024447253,3.5139103e-06,.00055445783,.00096180581,.0019568326,.00047985054,.00016733429,.00054443715
.0045356234,.41035798,.0029253701,.069149435,.00081246556,.0012384072,-.0010800424,.00029881721,.00015830956,.000042703949,-.00038017696,-.00031113625,-.00020989851,.00017585543,-.000071220769,.0002771728,.0004585459,-.00012580598,.00047985054,.0063655837,.0034255516,-.0042694616
.0057463665,.31509987,.00068467489,.17337221,.00083108578,-.00018466199,-.0012710752,-.001968459,.0014659135,.00075511669,.00067037833,.00065372919,.00044364232,-.000025647516,-.0012699052,-.00055600301,.0012300324,.00029027966,.00016733429,.0034255516,.022176744,-.0075213397
.0035542685,.19403143,.00035674212,-.087356344,-.0017874836,.00063516531,.00062778697,-.000872946,-.00020464124,.00034415661,.00068581157,.0016314399,-.00028832123,.0010314303,-.00020942526,-.000073229749,-.0011243692,.0011579508,.00054443715,-.0042694616,-.0075213397,.024729704
.10495412,4.0183387,.1161643,,,,,,,,,,,,,,,,,,,
.05907622,3.6867144,.071394026,,,,,,,,,,,,,,,,,,,
.10652841,5.5286679,.54300255,,,,,,,,,,,,,,,,,,,
.051724456,2.0414333,.20557018,,,,,,,,,,,,,,,,,,,
.04539847,1.9028301,.028332578,,,,,,,,,,,,,,,,,,,
.060069352,3.6020103,.2317757,,,,,,,,,,,,,,,,,,,
.032233421,2.1462164,.055704817,,,,,,,,,,,,,,,,,,,
.029228145,1.7641631,.055836726,,,,,,,,,,,,,,,,,,,
.087553464,4.0023112,.14490958,,,,,,,,,,,,,,,,,,,
.069655195,2.7499464,.10497742,,,,,,,,,,,,,,,,,,,
.055458218,3.6613934,.20551214,,,,,,,,,,,,,,,,,,,
.088130757,3.7758839,.11593229,,,,,,,,,,,,,,,,,,,
.10331226,3.4955068,.12255298,,,,,,,,,,,,,,,,,,,
.033743192,1.9778295,.054263372,,,,,,,,,,,,,,,,,,,
.033015601,1.8666197,.058193136,,,,,,,,,,,,,,,,,,,
.018885363,.73595446,.012612836,,,,,,,,,,,,,,,,,,,
.014068305,.62655151,.010509743,,,,,,,,,,,,,,,,,,,
.0069650663,.60909021,.01033802,,,,,,,,,,,,,,,,,,,
,,,,,,,,,,,,,,,,,,,,,
,,,,,,,,,,,,,,,,,,,,,
,,,,,,,,,,,,,,,,,,,,,
,,,,,,,,,,,,,,,,,,,,,
,,,,,,,,,,,,,,,,,,,,,
,,,,,,,,,,,,,,,,,,,,,
,,,,,,,,,,,,,,,,,,,,,
,,,,,,,,,,,,,,,,,,,,,
,,,,,,,,,,,,,,,,,,,,,
,,,,,,,,,,,,,,,,,,,,,
,,,,,,,,,,,,,,,,,,,,,
,,,,,,,,,,,,,,,,,,,,,
,,,,,,,,,,,,,,,,,,,,,
,,,,,,,,,,,,,,,,,,,,,
,,,,,,,,,,,,,,,,,,,,,
,,,,,,,,,,,,,,,,,,,,,
,,,,,,,,,,,,,,,,,,,,,
,,,,,,,,,,,,,,,,,,,,,
,,,,,,,,,,,,,,,,,,,,,
,,,,,,,,,,,,,,,,,,,,,
,,,,,,,,,,,,,,,,,,,,,
,,,,,,,,,,,,,,,,,,,,,
,,,,,,,,,,,,,,,,,,,,,
,,,,,,,,,,,,,,,,,,,,,
,,,,,,,,,,,,,,,,,,,,,
,,,,,,,,,,,,,,,,,,,,,
,,,,,,,,,,,,,,,,,,,,,
,,,,,,,,,,,,,,,,,,,,,
,,,,,,,,,,,,,,,,,,,,,
,,,,,,,,,,,,,,,,,,,,,
,,,,,,,,,,,,,,,,,,,,,
,,,,,,,,,,,,,,,,,,,,,
,,,,,,,,,,,,,,,,,,,,,
,,,,,,,,,,,,,,,,,,,,,
,,,,,,,,,,,,,,,,,,,,,
,,,,,,,,,,,,,,,,,,,,,
,,,,,,,,,,,,,,,,,,,,,
,,,,,,,,,,,,,,,,,,,,,
,,,,,,,,,,,,,,,,,,,,,
,,,,,,,,,,,,,,,,,,,,,
,,,,,,,,,,,,,,,,,,,,,
,,,,,,,,,,,,,,,,,,,,,
,,,,,,,,,,,,,,,,,,,,,
,,,,,,,,,,,,,,,,,,,,,
,,,,,,,,,,,,,,,,,,,,,
,,,,,,,,,,,,,,,,,,,,,
,,,,,,,,,,,,,,,,,,,,,
,,,,,,,,,,,,,,,,,,,,,
,,,,,,,,,,,,,,,,,,,,,
,,,,,,,,,,,,,,,,,,,,,
,,,,,,,,,,,,,,,,,,,,,
,,,,,,,,,,,,,,,,,,,,,
,,,,,,,,,,,,,,,,,,,,,
,,,,,,,,,,,,,,,,,,,,,
,,,,,,,,,,,,,,,,,,,,,
,,,,,,,,,,,,,,,,,,,,,
,,,,,,,,,,,,,,,,,,,,,
,,,,,,,,,,,,,,,,,,,,,
,,,,,,,,,,,,,,,,,,,,,
,,,,,,,,,,,,,,,,,,,,,
,,,,,,,,,,,,,,,,,,,,,
,,,,,,,,,,,,,,,,,,,,,
,,,,,,,,,,,,,,,,,,,,,
,,,,,,,,,,,,,,,,,,,,,
,,,,,,,,,,,,,,,,,,,,,
,,,,,,,,,,,,,,,,,,,,,
,,,,,,,,,,,,,,,,,,,,,
,,,,,,,,,,,,,,,,,,,,,
,,,,,,,,,,,,,,,,,,,,,
,,,,,,,,,,,,,,,,,,,,,
,,,,,,,,,,,,,,,,,,,,,
,,,,,,,,,,,,,,,,,,,,,
,,,,,,,,,,,,,,,,,,,,,
,,,,,,,,,,,,,,,,,,,,,
,,,,,,,,,,,,,,,,,,,,,
,,,,,,,,,,,,,,,,,,,,,
,,,,,,,,,,,,,,,,,,,,,
,,,,,,,,,,,,,,,,,,,,,
,,,,,,,,,,,,,,,,,,,,,
,,,,,,,,,,,,,,,,,,,,,
,,,,,,,,,,,,,,,,,,,,,
,,,,,,,,,,,,,,,,,,,,,
,,,,,,,,,,,,,,,,,,,,,
,,,,,,,,,,,,,,,,,,,,,
,,,,,,,,,,,,,,,,,,,,,
,,,,,,,,,,,,,,,,,,,,,
,,,,,,,,,,,,,,,,,,,,,
,,,,,,,,,,,,,,,,,,,,,
,,,,,,,,,,,,,,,,,,,,,
,,,,,,,,,,,,,,,,,,,,,
,,,,,,,,,,,,,,,,,,,,,
,,,,,,,,,,,,,,,,,,,,,
,,,,,,,,,,,,,,,,,,,,,
,,,,,,,,,,,,,,,,,,,,,
,,,,,,,,,,,,,,,,,,,,,
,,,,,,,,,,,,,,,,,,,,,
,,,,,,,,,,,,,,,,,,,,,
,,,,,,,,,,,,,,,,,,,,,
,,,,,,,,,,,,,,,,,,,,,
,,,,,,,,,,,,,,,,,,,,,
,,,,,,,,,,,,,,,,,,,,,
,,,,,,,,,,,,,,,,,,,,,
,,,,,,,,,,,,,,,,,,,,,
,,,,,,,,,,,,,,,,,,,,,
,,,,,,,,,,,,,,,,,,,,,
,,,,,,,,,,,,,,,,,,,,,
,,,,,,,,,,,,,,,,,,,,,
,,,,,,,,,,,,,,,,,,,,,
,,,,,,,,,,,,,,,,,,,,,
,,,,,,,,,,,,,,,,,,,,,
,,,,,,,,,,,,,,,,,,,,,
,,,,,,,,,,,,,,,,,,,,,
,,,,,,,,,,,,,,,,,,,,,
,,,,,,,,,,,,,,,,,,,,,
,,,,,,,,,,,,,,,,,,,,,
,,,,,,,,,,,,,,,,,,,,,
,,,,,,,,,,,,,,,,,,,,,
,,,,,,,,,,,,,,,,,,,,,
,,,,,,,,,,,,,,,,,,,,,
,,,,,,,,,,,,,,,,,,,,,
,,,,,,,,,,,,,,,,,,,,,
,,,,,,,,,,,,,,,,,,,,,
,,,,,,,,,,,,,,,,,,,,,
,,,,,,,,,,,,,,,,,,,,,
,,,,,,,,,,,,,,,,,,,,,
,,,,,,,,,,,,,,,,,,,,,
,,,,,,,,,,,,,,,,,,,,,
,,,,,,,,,,,,,,,,,,,,,
,,,,,,,,,,,,,,,,,,,,,
,,,,,,,,,,,,,,,,,,,,,
,,,,,,,,,,,,,,,,,,,,,
,,,,,,,,,,,,,,,,,,,,,
,,,,,,,,,,,,,,,,,,,,,
,,,,,,,,,,,,,,,,,,,,,
,,,,,,,,,,,,,,,,,,,,,
,,,,,,,,,,,,,,,,,,,,,
,,,,,,,,,,,,,,,,,,,,,
,,,,,,,,,,,,,,,,,,,,,
,,,,,,,,,,,,,,,,,,,,,
,,,,,,,,,,,,,,,,,,,,,
,,,,,,,,,,,,,,,,,,,,,
,,,,,,,,,,,,,,,,,,,,,
,,,,,,,,,,,,,,,,,,,,,
,,,,,,,,,,,,,,,,,,,,,
,,,,,,,,,,,,,,,,,,,,,
,,,,,,,,,,,,,,,,,,,,,
,,,,,,,,,,,,,,,,,,,,,
,,,,,,,,,,,,,,,,,,,,,
,,,,,,,,,,,,,,,,,,,,,
,,,,,,,,,,,,,,,,,,,,,
,,,,,,,,,,,,,,,,,,,,,
,,,,,,,,,,,,,,,,,,,,,
,,,,,,,,,,,,,,,,,,,,,
,,,,,,,,,,,,,,,,,,,,,
,,,,,,,,,,,,,,,,,,,,,
,,,,,,,,,,,,,,,,,,,,,
,,,,,,,,,,,,,,,,,,,,,
,,,,,,,,,,,,,,,,,,,,,
,,,,,,,,,,,,,,,,,,,,,
,,,,,,,,,,,,,,,,,,,,,
,,,,,,,,,,,,,,,,,,,,,
,,,,,,,,,,,,,,,,,,,,,
,,,,,,,,,,,,,,,,,,,,,
,,,,,,,,,,,,,,,,,,,,,
,,,,,,,,,,,,,,,,,,,,,
,,,,,,,,,,,,,,,,,,,,,
,,,,,,,,,,,,,,,,,,,,,
,,,,,,,,,,,,,,,,,,,,,
,,,,,,,,,,,,,,,,,,,,,
,,,,,,,,,,,,,,,,,,,,,
,,,,,,,,,,,,,,,,,,,,,
,,,,,,,,,,,,,,,,,,,,,
,,,,,,,,,,,,,,,,,,,,,
,,,,,,,,,,,,,,,,,,,,,
,,,,,,,,,,,,,,,,,,,,,
,,,,,,,,,,,,,,,,,,,,,
,,,,,,,,,,,,,,,,,,,,,
,,,,,,,,,,,,,,,,,,,,,
,,,,,,,,,,,,,,,,,,,,,
,,,,,,,,,,,,,,,,,,,,,
,,,,,,,,,,,,,,,,,,,,,
,,,,,,,,,,,,,,,,,,,,,
,,,,,,,,,,,,,,,,,,,,,
,,,,,,,,,,,,,,,,,,,,,
,,,,,,,,,,,,,,,,,,,,,
,,,,,,,,,,,,,,,,,,,,,
,,,,,,,,,,,,,,,,,,,,,
,,,,,,,,,,,,,,,,,,,,,
